488
10
60
2313
58
10
1980
1046
2462
3117
1801
4584
5945
11
53
6
17
1509
45
7
3
1
2397
342
2782
1228
2351
2990
4727
62
12
5921
376
3071
2710
2157
6164
2907
2
6830
1430
2331
69
31
8
65
7547
47
38
52
18
52
49
2514
7034
832
2
1834
28
3
51
1
54
36
5
1016
31
46
3377
12
2770
6100
29
10
2118
67
5586
22
2476
1084
3183
48
8
36
55
20
2122
62
4858
749
6723
6715
56
4382
60
7
24
49
366
41
2203
5518
6
1576
18
31
156
27
32
56
1645
56
1
487
45
251
7165
3221
51
19
48
57
58
6682
22
2204
4
18
39
4171
2
5
7
2445
38
67
796
1796
64
1352
40
215
38
3715
65
1310
7
980
4964
12
4496
9
2139
25
7918
3
2490
20
6058
7954
45
3913
2
6984
2212
3220
1059
5048
8094
53
569
15
5260
2334
18
3864
43
55
41
3855
7423
41
6
9
7054
3800
5112
18
3584
60
6298
9
221
43
2861
7318
2
56
593
29
5126
3456
57
2265
7
57
3341
2388
2756
11
67
42
5123
869
54
36
22
0
2403
59
1157
4129
1443
40
151
2927
51
28
3268
106
59
47
66
3
3
8981
4229
64
64
44
30
27
3
2018
7
6
399
59
26
2891
4244
58
38
48
45
61
19
30
27
15
18
22
51
1911
30
63
4272
2695
6
19
20
3281
2256
7911
1212
3362
1928
30
2386
4181
184
56
29
46
1096
30
2436
5562
4110
2326
44
49
41
6536
7
32
8108
1863
37
55
4070
1723
5049
6
84
43
1093
5664
5789
9763
7462
37
1162
30
3298
3033
5763
867
42
392
42
4
36
19
3819
17
1009
44
8
4970
1912
4110
3512
1266
62
2107
1661
29
33
55
31
3235
1218
0
1942
65
2633
4
788
44
1541
12
4618
967
3980
4332
6
61
58
3196
1408
6167
3584
45
57
60
49
2036
15
32
45
22
61
7966
38
766
5715
4031
1883
1058
1344
41
1828
36
6253
2004
1
0
5
53
7
40
33
1472
1602
45
3269
3594
1
19
4816
2916
4439
2166
41
6
1028
2177
6
25
51
3
35
4331
5233
67
47
91
8476
705
2272
5585
10
60
26
3100
449
54
63
33
0
28
6
4562
60
5581
4784
39
4
3104
1785
57
30
7944
17
5597
982
29
4
45
8009
2265
25
16
1
22
949
11
3
4780
3119
31
13
34
5
28
39
52
1388
9
59
27
3260
1972
2633
67
33
274
6685
3964
1325
50
4631
8
3989
40
560
23
5
13
8231
2
59
29
64
35
27
12
38
37
7277
63
44
43
35
516
4511
959
48
1366
3683
1596
6
61
6844
49
41
3868
43
40
64
1138
1199
1642
31
61
1
1370
8
1182
789
40
2762
48
219
38
58
12
5
1526
17
13
16
3806
35
2239
2019
2733
34
30
4074
23
16
1547
58
28
3552
57
1610
10
55
15
7408
5
36
13
1400
1667
22
2
2
2861
56
5131
194
51
38
3931
19
2315
2822
615
531
50
2583
1297
53
65
29
62
788
7878
7050
64
31
55
358
12
58
55
64
2321
4
25
2582
7
36
52
2858
23
2
3913
8265
21
38
4477
41
941
2488
4483
3783
66
42
7255
62
7
20
5317
3569
15
21
100
8
10
5
48
42
15
5962
1131
998
15
15
1080
5123
37
4907
8587
7978
20
43
28
41
0
31
4
6605
53
1958
42
44
29
21
52
29
25
683
32
36
55
1092
62
6
1
5435
13
65
27
8185
62
11
2466
8754
2434
1208
30
53
43
45
28
2784
69
6730
9
47
20
418
58
7446
22
35
1744
5
33
4969
31
28
4893
2122
3
27
30
1824
13
458
4137
59
1751
2
8
2
10
2217
60
26
70
1369
420
58
65
29
51
1001
61
1194
4988
3405
3963
4579
43
7396
5973
7675
59
16
2674
2632
66
8
34
6548
34
32
1137
2200
19
2390
7
56
28
9
6
2181
5266
4274
29
3085
48
4111
596
5
5744
59
69
7799
5744
10
2672
1690
383
3858
3491
58
5306
3453
2273
38
2084
3706
6695
2343
1282
6947
1550
21
57
30
6121
1689
11
4
31
2920
39
44
23
27
50
18
5221
6
47
65
323
13
1435
58
5130
2
50
2038
3415
41
2
18
1630
4432
47
3938
4
4666
20
1646
25
41
13
1952
350
6
64
7369
47
9
61
2765
48
11
6041
17
2
3536
39
4131
523
29
2834
1338
0
7
56
3147
42
3216
5774
26
9
1523
35
2129
62
25
17
5264
9160
2295
8854
9
45
6146
67
5166
13
33
8
55
9162
27
62
44
2128
392
15
51
12
2017
923
28
0
42
6
5
62
3902
36
964
226
23
11
20
2
49
8
16
5713
24
34
57
4370
7763
26
3289
6761
31
3164
1756
4350
40
3
3158
1044
56
5
9
20
20
667
348
2367
20
18
2192
60
769
516
4540
5087
27
414
26
7352
29
3307
5344
36
392
21
39
2071
2726
64
4186
3491
60
1198
38
214
4760
55
5256
7
7
4195
45
1837
1432
34
39
6156
38
1344
0
1926
65
438
1886
18
4
6391
1468
2
38
57
36
4792
50
46
60
26
34
11
2409
2755
24
65
13
1606
46
4
1551
3879
47
306
54
480
7670
27
4199
45
50
1428
7
5278
39
6428
303
12
1865
56
7
1757
13
59
6
47
1136
1
56
7915
1806
21
6
1445
38
19
56
35
63
39
5
46
4204
55
55
49
176
66
37
2
62
1320
960
69
65
7533
13
14
23
4196
11
50
2780
45
45
15
5938
28
1715
4281
59
5716
8
17
7
2743
16
2902
6227
40
12
44
4553
1891
827
61
1109
2757
5055
34
55
7033
3255
4347
6537
3875
126
33
814
3932
3072
56
2
27
7189
37
3185
4131
31
3005
54
3953
907
3152
23
33
62
14
6771
7796
55
2152
288
3703
23
5581
32
55
2130
2355
43
1
15
2503
57
14
45
20
2219
55
56
24
4367
1513
46
3943
1
48
31
52
59
28
7022
1420
54
3619
44
5098
2695
2731
3975
3087
6
45
17
4973
1236
174
755
3061
47
62
36
4574
6581
65
1027
271
3538
3808
3240
428
3018
1309
50
55
8
3985
1327
61
7
1756
31
70
1754
10
49
41
16
5282
25
1581
23
14
5
30
23
40
55
10
3845
2143
255
208
67
46
26
3461
8
1841
53
2544
3454
4632
8816
758
39
54
4952
4080
4282
6018
4035
34
20
54
7316
469
41
47
57
1218
62
61
36
3546
2666
7577
6321
1578
382
5716
58
4695
27
66
23
1787
1981
19
31
6228
9
4787
40
23
3397
2737
37
738
1754
28
249
8305
52
30
4699
3149
9522
5904
35
10
6819
41
1361
4230
1436
66
2409
9
2671
4540
51
31
3
4336
15
931
61
1600
49
9
3880
46
2978
15
547
1012
38
6777
25
5028
29
43
581
3392
49
40
29
37
3378
0
54
22
529
1457
43
4919
0
68
4201
499
1080
3517
443
29
9
4576
30
687
57
1017
4
6582
5
4632
11
504
2725
3886
4651
43
27
47
6140
68
7521
1127
63
22
56
56
0
8590
758
25
7
5849
8
4583
42
5525
27
3166
629
7624
4963
3
348
7788
1852
7946
44
5
1539
43
31
11
1994
2265
2961
20
4558
690
1857
57
40
8
62
5758
16
2653
15
61
1146
28
30
4404
60
3191
4474
419
4958
62
37
49
35
298
0
2307
62
975
44
3512
2415
17
41
65
5633
2614
39
825
24
21
7054
23
6932
3
21
2615
2766
5362
3176
29
317
62
2359
41
1702
38
27
11
4705
64
2554
23
1865
5731
52
8200
67
40
12
2096
37
1316
53
38
60
44
59
11
3746
2587
32
29
44
1765
4626
38
46
1068
255
4314
35
980
1235
6029
42
316
16
61
3638
3279
13
186
1155
41
23
39
46
39
4085
15
29
1904
43
510
5
3548
49
3482
56
59
22
2756
25
4482
5675
417
53
2059
0
593
23
32
61
470
53
904
54
19
42
2145
9240
39
205
43
285
42
1836
316
5
710
2235
3650
22
8443
825
22
145
1852
59
58
59
7
58
3381
17
2916
54
4480
43
19
8852
5930
4571
20
54
2088
2481
56
10
39
4669
43
7000
13
4018
6005
2912
26
2145
45
1442
41
19
10
1
1633
37
7373
2107
51
6
33
68
1025
57
43
1632
51
2351
4084
58
44
1121
49
4062
66
33
1126
1359
38
3893
1450
43
21
58
3505
55
55
11
64
4181
13
4626
34
9
58
23
35
213
4934
59
834
41
8147
32
4036
23
24
4623
35
4420
42
37
44
7570
32
37
337
24
55
67
5038
3688
899
3607
53
1233
5666
7867
53
35
3680
3032
62
47
4259
1172
1571
3605
8736
4
2890
58
778
5927
1823
58
66
64
1792
4949
2609
12
3056
7075
3
5658
419
8319
22
23
61
5114
5017
5781
37
7071
6430
8
19
5335
0
37
863
3694
6385
768
2630
5
9539
1480
2891
59
6
9
8372
38
67
44
1570
2918
55
65
5195
3816
2652
1817
34
63
45
5136
14
949
6846
28
6084
3622
54
25
1112
3
1665
4245
817
6889
31
262
54
41
4901
40
1741
42
210
2453
34
27
11
4685
22
38
1814
26
24
24
943
22
35
17
1956
4760
207
4950
7791
6087
8078
5344
926
5635
14
16
4
57
3835
24
41
4991
59
408
577
669
21
524
58
863
2031
2131
14
5831
18
1252
38
38
3741
47
607
57
5147
48
4
58
1583
2845
48
1207
2411
447
8379
66
1461
3394
1990
46
17
2443
1363
37
733
22
9
48
3895
23
48
29
25
2830
7
792
61
60
24
493
48
2433
1670
40
54
2318
2512
2
4325
3657
6435
11
3128
5
5325
14
59
6
34
42
3665
1549
37
656
27
367
62
41
6355
16
305
4203
853
2535
2271
720
47
62
60
3096
5067
5426
5
28
6937
2
42
26
6208
5624
2
51
3569
21
5170
3377
176
8825
2173
4896
1003
50
335
3729
1270
2891
65
43
16
23
5896
21
58
35
20
6316
28
11
2415
4889
50
5266
2817
42
64
27
9
3657
67
1625
9
48
903
26
39
45
24
3294
2802
1799
62
57
2558
5006
12
5158
44
7
9
6297
59
35
35
6225
7596
4850
59
1847
65
5098
24
2202
2715
53
16
42
6362
51
5739
7099
47
22
1260
3641
2
2938
1281
15
10
13
1805
30
13
2050
813
57
6171
2888
58
10
19
5404
50
1734
22
266
372
4113
1312
769
21
981
7184
20
26
39
6896
50
2334
2510
59
3124
5
39
67
56
7643
3380
6758
3
3573
56
19
1
881
188
12
657
22
29
37
1263
1555
28
9629
4519
2890
217
7
0
15
371
60
820
1818
27
63
1903
375
2657
3727
8
26
10
37
20
6824
5616
60
3136
1777
983
50
51
8320
63
1963
8284
7002
784
59
5832
1218
3381
4
5
8377
22
2348
46
8202
4319
3735
2
51
37
32
95
2764
31
2701
931
42
54
16
1363
4716
29
3737
1
50
1938
10
174
4600
1685
50
0
1036
287
21
5
2815
722
48
2593
5854
5397
54
63
8
1240
14
54
32
10
8
43
7224
20
482
1419
2695
68
1440
46
56
525
31
50
5683
747
5100
1809
5
48
8772
1806
59
5078
37
8844
2546
3362
64
4423
494
723
1658
60
13
6992
54
5493
5068
1035
6179
6165
12
45
9142
59
4706
60
2
999
2011
32
11
6686
43
1034
46
1773
49
42
5077
6866
35
53
3456
495
27
1773
7
44
41
25
3148
7
30
41
3241
16
3248
4349
38
1
2658
9
28
7998
48
35
8174
26
62
7
0
44
4
6
1980
2934
995
5140
554
2286
4
812
785
4046
4095
3565
6
23
67
3864
48
2675
1057
60
10
18
27
3136
2053
38
42
63
31
13
16
477
3360
30
16
2805
1124
2492
62
2298
8089
570
3924
4591
62
1122
59
15
1688
4874
6059
39
3538
1970
57
14
117
29
3
5
46
8466
34
34
5514
52
351
6
2365
1572
64
29
4
40
41
8724
62
8478
50
41
34
33
10
21
577
3265
42
0
2432
4287
9
4282
9
2201
263
6130
19
15
8005
7803
4
8034
6446
5245
9
2221
31
4
689
2096
43
37
30
28
4208
1014
42
8
4795
293
3912
156
69
11
52
34
52
2178
2559
10
2545
43
6
1637
53
4411
51
4
31
838
63
3594
7764
4881
26
3525
19
41
3186
2339
6279
23
256
2705
34
2101
16
2630
600
43
5966
61
7136
33
4973
2397
23
31
55
69
61
1651
34
637
25
7418
1430
1
41
1812
1154
25
3952
4983
297
38
26
4022
24
3829
16
34
4174
169
4
33
56
21
50
2742
5338
491
56
10
7
7
231
59
62
8
2
2846
4556
1242
6
64
1720
1185
2161
12
8291
8
646
333
1597
2
68
352
1576
16
5185
5619
11
6318
127
57
55
2161
18
3
18
209
17
54
2360
16
68
2830
915
32
2462
8027
27
52
3154
1455
36
5661
3608
4881
53
3192
51
8276
0
1586
57
11
33
24
5807
3
6207
845
6139
2
17
296
7
3053
4
18
1784
53
3137
3995
29
684
7295
3843
30
1294
18
5006
1840
2327
1
36
2134
1734
3217
3087
46
2245
1178
40
613
39
25
56
8940
3384
44
31
14
33
4862
47
36
67
49
2062
7867
41
2406
57
49
14
35
37
1354
58
1097
1864
39
25
1804
3473
11
4
38
7
29
1312
925
1028
7786
6439
6407
6178
9339
1649
65
28
2379
694
13
3355
7014
2147
16
205
30
0
1566
44
3582
8
2958
64
6200
31
65
7139
692
41
56
41
2216
33
5088
6015
4978
767
59
2698
3
35
5821
29
2256
41
33
57
2
1
6911
604
23
51
59
26
11
5
1151
6996
886
31
24
3421
68
37
5903
7355
32
38
57
5620
25
3908
1
1125
2
5327
38
2146
56
638
21
532
15
4531
2803
4054
17
1285
32
22
1
27
22
0
1115
2217
18
719
47
35
3166
1974
54
6221
3510
28
11
30
1934
11
544
6394
25
37
62
57
798
1
4848
2298
27
36
1034
1544
29
44
861
2
4871
2795
2046
24
1357
8294
65
29
34
36
43
41
64
24
7860
1
6670
4064
4104
2877
57
5063
1309
17
66
4158
46
44
35
46
4318
63
18
49
7589
1671
36
59
19
18
405
41
3875
45
34
14
3163
51
15
4445
7618
3190
21
0
27
57
46
10
4267
1585
36
58
49
3639
54
29
18
672
25
26
1281
28
6869
40
64
20
2
20
18
34
2734
14
18
23
0
3837
12
60
2740
46
191
24
21
1771
4707
31
19
2
2831
8770
448
68
479
35
49
29
4
67
2063
56
51
4396
1530
8595
61
85
7003
46
3874
8910
4887
6327
18
6964
2073
21
39
5079
29
14
18
8
25
674
3098
41
787
10
1522
3912
1272
2269
2632
39
6118
50
2312
6578
9315
4
2965
23
3405
39
3561
35
1075
696
326
63
7250
188
264
539
370
0
42
15
427
54
775
4172
3082
64
37
46
63
56
0
1419
58
8797
34
6023
6866
2511
5799
50
38
2671
545
2777
34
3397
50
282
581
30
20
67
55
47
868
5
38
39
7
2862
52
3546
46
2818
43
1948
1376
3
22
5079
67
39
3
4479
49
36
7674
1159
1815
29
11
61
32
10
51
13
50
13
3374
2678
3557
3844
128
4105
59
4591
4262
38
19
28
3287
2732
66
584
1899
31
33
6191
2
893
5896
58
11
6885
6624
1068
18
8925
8037
45
3939
41
2499
22
5315
30
59
4472
4583
716
3410
37
62
201
9046
3058
62
1170
37
