4285 4781
12700 14163
17218 26433
7664 11496
18552 26708
18126 19730
8001 11739
8972 15513
1185 3684
6850 12417
8212 15997
2139 6786
3982 11722
15456 17091
15527 23793
16502 17721
13744 15544
8479 12055
11461 18234
18215 19372
12658 13060
17312 17678
7612 15933
9662 12016
7191 12445
8804 18217
7631 12748
6268 9298
3083 7875
17164 26545
10044 13110
4002 10744
9669 18504
6908 14097
7288 15498
7848 15082
3758 11357
7099 16885
12978 13362
319 7241
8559 11915
7642 10202
18520 28444
18393 22859
14605 15644
13620 22736
321 7969
10356 18256
17819 23533
19707 27416
14824 17348
12720 20420
11834 19463
7467 13182
2654 9783
9160 10899
11770 11910
6352 8207
14864 19088
18556 18782
17983 25413
19526 19819
14305 22123
18412 24203
14314 14797
9009 16426
15010 19880
10860 18091
389 3810
10122 13295
6380 9184
3821 10516
12359 15992
17955 19582
7865 12428
15269 25189
4348 13222
13881 16299
3517 6021
8640 9740
6575 9800
12809 20188
14196 14861
15089 20718
16081 24986
15579 18688
2575 4723
14060 22810
5091 13703
9247 11642
3189 10561
3080 9884
10327 20016
4991 9432
12041 20766
16395 17730
14628 18255
17533 24961
6090 6463
14819 20991
3305 5531
2766 8356
15750 16887
8429 14738
13661 15495
11481 15667
9868 14627
15340 20060
14851 20201
17852 26237
8337 11518
18687 26995
17370 17635
9523 14026
19290 25929
9764 13836
2719 9980
3635 6898
19914 27452
15048 18415
12077 19347
13575 21269
11572 20472
3238 12428
17776 20874
7783 13223
12356 13056
16126 19675
17988 24222
5783 13368
10934 11125
12146 13389
10278 12555
7534 12480
12153 17844
12697 22117
5513 6324
8193 13317
19423 28796
8633 11285
13767 19054
9825 16614
12125 17687
112 3875
14215 24094
2913 4238
10260 12227
9043 15901
3293 8320
10428 13676
4417 8974
10779 12920
3268 5432
10667 14962
493 8516
17622 18292
7489 12756
14802 18000
1891 8033
1941 11526
15380 22016
4878 8841
10878 11640
2931 11943
2239 4480
2957 6219
8951 14540
4 5116
1796 10143
16904 24997
9436 13214
10352 13871
2392 7728
4372 6738
10856 14236
6087 11554
15037 21651
16372 25001
11188 17495
6103 12952
1302 8825
11435 17468
10825 12288
12014 13890
2009 9160
2798 6648
3715 8893
19572 21963
6375 11427
19079 28084
3627 11844
12458 13839
9819 16656
16677 23667
7139 15663
2589 11801
16113 16842
13117 20746
1675 2275
19470 23903
4809 11462
1823 5325
10486 20258
7722 13517
14037 14422
14159 22188
6617 10349
7598 13449
3567 6359
17235 18974
12904 22562
13997 20216
4812 11145
3773 4649
19000 27411
13554 18194
14933 18461
17375 17394
7577 12499
17201 26172
8866 16075
5826 13386
6516 7978
17300 24058
7816 7966
6177 9143
14589 22087
13650 16965
6723 15857
1186 1294
16367 25664
14373 21207
19872 29347
12210 12883
13228 13708
897 10093
3186 7474
17396 27305
13065 22003
10655 17814
18522 22763
17373 21526
12959 13594
2237 4281
16056 17427
13661 14222
663 1064
17172 26369
14162 17343
3766 6694
68 4363
14996 24070
12430 17697
12489 19408
18553 25008
17547 26618
11763 14532
19729 24478
16128 20722
19932 21640
10271 14204
18929 22119
19821 27247
1755 3694
14313 18806
15778 25443
5696 14877
7288 14006
16113 17486
19644 22223
14654 17536
6055 9382
3670 5951
1983 10944
2713 3941
6594 10098
8086 16328
13709 17437
7607 14204
5768 12487
5441 5627
11114 20271
19200 23984
10061 17575
4338 5449
14960 19662
5903 8373
4370 12647
2641 6806
7683 15955
13022 19164
14708 21885
17197 23538
3386 12217
17183 18580
14838 20254
1786 11133
4454 6346
16218 22013
10686 19539
5878 11678
8263 12780
4911 14907
14107 14620
9919 11073
13467 19157
2097 3208
4270 13245
4145 13125
18 9909
1176 8740
18065 23674
8866 17266
10923 15582
6675 14047
6971 16889
4167 12019
1201 2080
13650 19139
9655 18716
16572 23326
16940 17600
14860 20543
13932 15878
6147 13989
19822 21904
4418 5440
12902 19065
13323 14260
4742 9781
8106 17029
5846 13612
6454 12901
8733 13936
13260 21861
2583 4715
8096 9779
19877 24373
13565 17811
11082 19951
14457 19029
6761 16256
2842 4075
10268 10937
6140 8108
12146 21570
6546 9214
19926 20454
3448 4241
12402 18804
653 2212
19727 21247
5347 14926
9019 10060
4620 8654
5641 15466
17720 18724
14470 24025
14919 23693
6781 14162
8581 12036
3261 9508
5603 9238
17963 24700
18803 27332
12100 20861
19818 26744
3647 5705
10405 13965
14580 19556
10732 18064
19649 22798
14488 24175
116 8187
16781 22854
5604 6384
4209 10869
5920 12016
3574 5477
8562 9632
8641 11207
15784 22048
1581 3438
12523 17463
2523 8859
8002 15315
12079 12736
18289 18465
11493 12758
11165 19498
14582 15633
15134 21278
17170 22192
1077 2570
390 2010
1443 1487
6695 11868
4939 8580
11068 11625
18248 21012
736 5615
7051 10536
5501 10433
5338 7536
15710 22165
17654 18839
8983 14689
5783 7993
14749 15523
14148 17250
12039 20200
12709 13203
12882 17732
5637 14998
1350 6655
11618 21417
14587 21546
9967 19852
823 9413
9289 10899
7741 16442
282 5936
13825 14930
12418 20784
11467 15162
4528 7675
6816 7272
18119 26382
17731 27288
18755 23743
13505 13554
18908 23213
16992 18126
5378 10680
16094 25841
4343 10278
3933 8778
17872 24051
15433 15690
1255 4400
8221 15302
18832 27300
12659 16084
1559 9609
16262 19317
4327 10361
9030 14729
18406 22564
11581 12379
14573 21192
1883 10605
4048 6345
18058 21460
12748 14574
11993 12534
12380 15255
9071 15545
17397 19214
19286 20277
4372 9219
6848 11923
11565 15827
13631 14905
16514 21985
19321 20398
17769 21834
11511 17226
14519 22324
7616 9016
10097 12691
14145 22373
13273 16396
6707 12888
8003 10217
7370 15959
19477 29278
14639 19743
9765 16912
2462 9239
3568 7586
1607 2953
16707 24591
767 5458
17924 18972
5962 11815
13012 18680
7189 7757
18899 22253
15910 16740
17721 20242
108 8448
11999 12804
14211 22740
15009 19429
17416 27264
14420 20250
14206 18052
19712 21131
15584 21181
10523 16401
726 8100
13141 21966
15324 21942
12589 18785
11227 16296
9521 17255
944 5513
9072 17121
10419 18595
5044 6429
6290 14265
4049 5664
17070 18438
15620 24849
3070 11708
10146 18312
10846 17026
6092 13563
16843 23422
11757 17597
19313 28636
8871 14654
2375 3593
4702 6371
13531 17242
8133 8194
12485 12532
3261 4644
14182 14865
2851 4048
9211 12666
17304 23994
5311 8110
19541 26525
826 1045
5172 5210
19016 27758
18900 20662
12764 13663
8479 14672
11557 14238
15642 17583
11347 14226
5614 9471
12911 17903
7777 16879
7968 13101
5282 8052
16179 21705
10064 15035
5881 13284
12574 15467
11910 14433
5599 7170
18747 27508
12504 15971
4806 8404
13582 21406
7930 9557
15002 16030
18474 26511
10270 14004
2500 12259
16638 17675
15501 20943
17698 20221
3226 4639
3737 5423
10793 14489
11373 11742
10298 11496
7121 13901
10023 19262
1288 6490
116 312
14139 21226
17996 23866
3745 7731
14275 16726
7662 11394
6976 9833
8581 9205
6990 7528
19810 26803
7397 13506
8693 12557
15524 23971
14319 24250
16376 20850
13353 21977
9238 15647
1999 9984
1669 8814
10840 20703
13781 17786
15886 24618
4344 4706
19101 20910
11718 20597
17036 25419
12145 21541
7661 12756
15660 16208
14429 18412
7387 10615
16081 17758
17178 22623
19544 27335
7115 12349
15810 20006
17149 17476
6050 13962
200 8573
11367 14553
18751 24557
2295 6835
15890 22347
7567 8515
7494 12964
5482 14802
6175 12255
16763 26665
13585 19463
799 8151
14721 24474
19363 20553
14592 17471
4617 12218
6409 14355
14368 16072
15715 19114
9912 13329
16521 18287
11244 13633
11992 13467
14779 21989
15268 21426
17913 20345
3943 9984
7554 8694
1450 2461
17064 19796
10992 13811
8907 10912
4819 12868
18092 24130
2405 7381
1298 10731
1915 10644
14662 17483
14668 20871
11396 15493
12343 18155
13433 13577
12477 16220
18534 18884
671 7366
13863 21213
8064 17977
19404 25255
17047 24390
13138 16595
15713 19219
11220 19385
13791 17407
13809 17016
1796 2488
13563 17471
13435 18195
10988 19704
4613 5719
15369 24891
10673 12298
7770 7771
4509 14119
18732 20661
19681 29135
18851 22645
1704 10348
13172 21804
10263 13259
7501 9995
241 9111
6169 8633
8800 14511
12939 16873
19140 27245
11697 18095
16446 23644
13370 16788
7221 16412
19909 29842
3188 12286
10687 12906
11028 18506
18542 21055
1669 2092
17243 26199
2461 12236
14774 18456
11252 16338
1833 3603
13243 13850
15806 20980
4979 13737
11967 16451
19410 23672
76 5033
1825 3977
18441 18787
11422 15426
18576 22855
8162 12906
19246 21083
1620 2084
3935 8126
13281 21404
8233 12199
10327 11352
13027 14229
10617 11217
16231 18191
139 2382
12075 20895
19923 23498
19984 29893
8129 9515
9597 14438
14883 23790
12860 22110
13942 17662
16899 24740
4646 5661
16488 26022
8811 14302
1263 6321
6586 15650
4345 8363
2880 7523
11251 17982
2509 11678
3826 9878
1451 9232
16365 25686
12164 14391
2638 5347
7366 15337
19409 28934
14386 15544
12676 17028
3368 10969
16953 22122
12806 17004
144 1293
2302 4531
16223 19851
4699 7126
17504 18812
14509 23090
10499 15144
11329 13344
15051 15927
7798 11449
4682 14342
5694 14857
19054 23568
6881 11784
14632 21634
5857 14745
9409 13232
16681 17645
2587 8407
11284 20506
12736 22513
2098 11493
733 6555
10504 13113
7192 9897
5730 7447
5916 6309
1778 5686
6491 15015
14987 23944
4280 9658
6516 13647
2162 4464
11752 17252
6183 8293
5125 8879
3219 10682
7616 9985
5647 6949
1250 8291
7024 8589
19634 22383
10246 20009
19534 24292
3591 9793
3937 5646
11758 13856
18697 19344
19342 24295
1040 4001
11156 17101
18254 24895
10344 14545
13153 16198
10874 18747
16491 20037
2790 8080
17793 18741
12766 19407
14117 23646
9732 19564
16249 18725
8585 16256
10100 19831
721 5916
10358 11407
17730 25123
4050 6114
6540 10166
16267 22928
10206 10666
14088 15946
8352 11310
3606 8095
12719 19337
6040 15573
14947 15382
5273 10545
11819 14935
8341 12627
15417 19279
18722 24862
16260 18819
8045 14277
9682 15660
19228 20438
18207 27843
30 7499
10531 18341
11496 13350
16591 26175
6499 9300
14812 21936
10433 13348
3513 9630
14736 17077
19268 19847
3397 6979
18207 24446
4185 8371
9519 18518
14932 19273
7156 14551
64 1415
10488 11031
10404 12682
15020 23945
1430 4617
18538 24631
1617 4879
4167 14158
11128 15090
15005 15939
8465 12482
14037 18816
7846 10167
19135 28446
16509 20696
13588 15423
4670 12216
68 9350
7709 15422
167 9139
10179 12783
18214 24974
3776 11205
18070 27971
4044 9280
10659 13764
10881 15707
5498 5505
15056 24184
430 9714
13685 16649
15961 25733
13070 19174
5198 7354
9623 14308
13780 15023
15892 24402
17859 19887
7972 13704
9078 13565
15681 20573
19190 19481
19257 25553
15842 16529
15890 16511
14681 24326
6057 13419
18732 24458
9045 14298
9816 17050
14734 18195
17952 20076
10272 14351
13770 13893
17232 24802
14917 15671
18822 21003
4228 14166
10661 14701
13773 18456
14381 22935
1233 5661
2135 11599
15608 20095
2115 5448
3152 11505
16158 21193
1561 4768
8256 15817
590 4996
17936 24381
17165 17705
6840 16215
2080 3139
14505 23148
16012 16987
10901 12812
13346 15640
19967 22507
6050 6726
9651 11274
2240 4637
11362 14432
13685 15620
201 2418
18399 27450
5318 6096
9503 14732
3898 8498
4078 9235
16392 20737
8790 9211
11312 15188
2550 10875
19286 24148
6688 16468
117 5528
15482 20818
7789 8181
15955 19504
10194 16401
7918 13616
7259 14116
17022 26576
1687 5928
5207 8742
19657 28352
8833 18014
17779 23567
9817 15561
5191 13682
10783 19532
3669 8992
12224 13706
16620 18086
5757 12838
13566 19730
6794 8653
8598 18164
11672 16304
10274 16804
3770 12009
16897 22810
8667 15240
11865 11988
939 2891
11433 21087
3443 3883
4741 6654
12990 15217
15685 16374
3534 12233
7153 8636
10754 11303
19815 25084
18882 27535
18801 24483
4292 9151
15727 23750
18600 25148
13374 21598
14725 18692
12638 17063
17448 19111
94 2532
865 3659
12429 15523
16847 26561
11525 13940
8417 17449
10137 17688
17111 17993
5796 7371
3139 7073
16302 24229
3371 3680
19064 27424
6412 6897
2225 10005
18510 22155
5747 11680
13387 19852
10503 18744
4573 6021
11961 13723
1821 7173
15268 21044
3491 10675
9752 19642
10231 13453
8118 12392
19848 27895
18374 19211
8252 15563
14478 15989
13743 21772
18773 19770
11886 18964
890 2040
13655 13720
17652 26236
1982 11675
8188 14086
14045 16041
16400 17382
2242 3709
13618 18811
12906 15047
17722 26152
11196 16368
12582 21461
17408 23537
13145 13894
19261 26372
5754 13971
15053 23734
16203 24970
15446 23077
3756 3933
12082 21797
13041 18491
16320 16887
19478 28514
8710 18138
3678 4645
13541 23313
12818 22051
893 8527
17873 20231
18926 20911
11151 14879
5767 14340
10376 13398
17857 25136
7222 15970
14717 21364
16357 23529
10918 13994
3985 10395
18813 22867
8284 14352
3610 7948
14127 22549
2166 7961
14175 14972
15302 17998
11242 12926
5504 8285
14143 15827
6793 9734
3699 11959
16275 22695
10085 13200
13663 19887
4264 8878
7957 9871
9213 18206
15587 24806
8900 14443
7216 12157
4762 9885
10436 15953
10348 19603
298 7426
6708 11848
5593 10146
1489 8115
5874 9804
4896 5023
11789 16253
8732 9556
6023 12579
3280 6394
14739 23305
16715 17025
19610 23404
2720 11800
10727 16225
6776 11331
4544 8731
19096 24286
5585 8630
11934 20478
6014 14285
3065 3983
523 3718
15887 20227
16544 21766
13743 22340
14544 16127
427 7289
2029 9931
18970 27523
7831 12142
857 1145
75 3826
18214 21497
4349 12039
17649 22533
15229 24053
7875 15273
7657 16185
14592 20862
12916 13269
11564 14128
6575 9110
18696 27345
16804 19076
12243 18908
18564 21267
7757 10598
17727 25901
10623 19855
12158 15543
910 5336
1004 2537
11993 18945
6014 13153
11995 12554
11868 19212
11956 16353
15488 23398
14759 23936
17975 21963
110 7227
8610 18536
14336 22247
4889 8555
18069 24641
3479 8640
7280 12668
7276 16819
4525 8555
6887 13675
17741 18675
16420 23665
17482 20466
2385 7429
8748 10708
3741 3916
9245 12422
1913 5015
18609 25213
14046 22826
18273 24018
5372 11953
1110 7786
6661 6725
2490 3533
9731 11231
1225 4811
382 4238
2208 5490
9051 9484
4413 7476
2893 4217
11835 19529
17089 25565
11681 13539
5967 12200
2593 3938
19155 28350
17302 18660
8260 16391
14646 19235
13672 23413
8224 10692
18150 19974
18511 25295
15992 22545
18792 20782
3363 8712
19699 23294
8414 13952
12400 15307
13284 14701
16681 17687
17902 22110
10379 14605
16279 22828
12787 20607
9994 11215
2400 6300
7875 17162
3718 3974
9617 9830
18372 28157
13722 20343
15103 19206
715 4220
16331 17948
8169 15654
11318 19530
4503 7086
4085 7589
3000 7696
1065 10462
9273 16449
14031 19403
12512 20436
3268 8284
5876 13371
5667 12008
2715 8812
1363 5452
10293 15970
11675 14640
18981 27395
1174 8591
7724 8194
12225 18520
19919 26551
10050 19595
2097 3335
15358 24878
19183 28261
13490 18303
6112 9706
1009 3713
2321 10380
2745 9150
8400 10185
1864 2250
1926 7724
18568 27231
2848 7610
17040 21242
13241 22526
12747 15563
1042 2855
8037 17222
12925 15216
11682 15880
1565 7881
18526 20027
3113 7965
18641 24603
13085 15835
6561 10926
2944 5713
11596 16778
9258 11407
6767 8544
10892 15072
5839 6092
1155 9573
13846 21144
14063 18082
3915 8674
6849 16278
351 10004
1142 7131
18658 24329
16333 18409
3099 12679
12207 18417
6728 8107
5737 14732
3596 5049
12808 22218
7594 15249
12502 13940
7333 16048
5409 12817
15971 24253
13502 17284
11700 12383
5609 11585
15424 17889
6831 7777
18766 27727
6832 8452
19873 26727
11236 13451
1641 5574
17750 24678
3122 6138
11294 14192
9473 14936
9020 17782
18069 24164
1343 8212
10833 14776
3192 8286
19203 24077
11099 17704
9460 18117
6603 16250
17951 25086
17334 23694
13290 16548
15418 20900
6591 13493
10487 11026
12477 20449
19197 22455
9473 12673
3727 5202
16182 23314
5018 11531
10270 10527
13451 23059
5770 15116
9521 14907
146 1237
3656 7220
9554 11391
13539 16954
12463 14060
3274 7912
17675 22193
9336 15228
13439 21222
8865 9896
15413 15727
919 7595
15138 15814
3089 7786
15767 17759
9519 15113
6888 9647
6062 10263
5294 12142
13349 19172
18664 22801
18999 26271
3779 10255
18790 28571
2376 10138
8874 13859
11681 20869
14151 16900
10392 19716
14555 22981
15178 15216
1295 10501
3206 3971
13583 16356
10256 11945
4083 12843
19678 20670
2240 6887
14221 20470
4403 11623
17639 21726
1013 4221
5901 6541
2273 10929
4978 12243
14866 15197
8500 8851
2109 11550
8169 17632
1075 9131
10827 17802
15955 16680
8449 11916
11342 17978
11914 16325
19565 20815
7990 12575
3461 5750
5914 8916
19464 22261
5407 14853
5924 6626
8159 16832
10055 19513
17727 24246
7433 7440
14127 23162
4168 11274
18704 20827
610 3300
10865 13891
13071 21625
2048 3212
13364 16816
11904 16067
791 5254
14607 23795
6789 14312
5476 13302
9615 16628
164 5187
15713 25204
13558 18586
18530 25516
11249 16411
101 401
10375 10530
7674 11949
13153 21854
9013 10787
18403 24904
6467 14446
7195 9639
10681 14171
11976 18531
11346 21109
4292 11103
613 3262
10625 16786
9167 10742
16647 20630
14691 17717
2352 9501
2961 2983
2101 9129
13596 13894
19801 22763
2891 5537
2606 5408
2891 8323
6809 14782
14225 18488
8847 9169
14025 22605
3745 6133
14878 20785
7140 8860
13344 18634
16723 20764
15668 17879
5240 12517
15273 24943
417 3004
11908 15400
4215 6104
4199 12438
11677 19524
1689 10539
13691 23145
11705 17384
11685 13937
7884 11701
13098 18204
6775 8108
13923 21189
18039 24179
10944 20459
16617 23898
16924 25862
18682 20579
6206 10243
7382 11018
11812 16172
13002 16671
19951 26396
8213 10637
2387 7080
15078 20856
14785 21663
8939 14312
8465 8721
2356 6728
12081 17083
7757 8744
8793 17521
1859 7972
14882 21171
9713 15558
12971 14903
13507 21764
6330 13609
1551 4876
17043 19383
582 768
8870 16868
17271 23889
11497 14928
13311 18686
13944 20512
18953 24816
1857 5995
10592 13973
15596 20347
252 2178
18986 25523
2965 3483
11410 12623
1634 5232
15969 24184
6481 12037
13295 20748
13591 21582
16700 20506
6658 9450
11653 15242
5460 11166
4247 10113
2607 3031
17552 25846
7920 11367
13698 13698
9404 11170
17446 20928
12658 16723
18086 27421
9579 19187
14905 22935
6894 7811
15412 23746
18215 20799
17105 23965
3315 5483
102 9464
12029 17989
7389 7599
11256 17952
9735 14302
17155 24139
8152 13331
5708 6028
15943 16825
8189 8907
4261 6528
6338 15647
19878 22941
1444 10667
7944 8775
12110 15187
9893 16096
6843 8717
16399 25307
15021 24386
18483 27113
18668 20200
12017 20692
6577 10466
16556 19875
7053 11445
18244 26424
5485 14983
19202 25798
12299 14912
1027 10173
666 6675
729 5360
19859 22415
18959 27225
5931 8050
4519 7039
16990 25371
10453 13055
17487 23356
5276 12246
13716 19743
2390 9485
15126 17052
2243 6319
356 6442
7078 14591
11521 15104
7871 16779
14531 21316
8547 12272
9002 9043
15999 19199
12976 14243
12340 12576
8389 17254
15439 21052
2529 10609
3120 5254
18041 25437
13320 14117
15991 21185
13987 23723
9011 18583
16813 25546
18158 24745
8393 18014
11769 19648
850 3234
5871 13164
16023 25066
13743 20249
8904 16481
12763 19824
1739 5854
15268 25099
11975 16805
4818 5956
6671 8048
15196 20813
16 3958
8538 12350
16823 23606
12647 15260
13070 21286
5439 8991
16889 25119
17755 25922
16750 18774
11542 20781
4827 9064
11974 14244
5339 14983
18926 24454
10320 12874
17129 26049
15732 19947
19990 24869
613 827
5001 10562
17069 26389
4259 5105
15115 21358
355 8609
16909 21628
449 4535
17791 21074
18184 21693
5325 12948
18482 23593
5520 10779
19169 25682
15421 20967
13593 19875
557 8227
18356 23151
10640 16137
9706 17825
13896 16675
15135 24144
16812 26783
4897 10743
6294 15151
3459 4363
4241 7900
19381 27387
8601 9851
4268 13037
370 8341
19256 27396
17191 22480
6303 15262
2392 5464
12114 21348
17748 24791
2281 6600
5961 7153
5138 6729
6380 15067
208 9059
10995 11718
7114 16448
19461 27970
7703 8487
4011 13862
6638 8484
19862 28197
18927 28672
19725 28975
8191 11813
2601 7621
7399 16830
15850 17958
6918 12984
226 7395
15975 16087
148 5878
9606 15556
1569 10340
12003 15133
11343 14787
13906 22515
1706 6893
4933 13954
1343 7205
10934 16147
2011 9179
3382 9896
16371 18041
12887 15292
4359 9769
13029 13301
12439 17439
6121 6998
6288 15094
751 7224
9270 17571
7338 10397
11421 12708
336 10283
8525 14590
7085 12899
19504 28150
18657 19965
10275 12875
1515 10785
16264 22299
11959 21921
17086 24342
8412 11320
7056 12551
15049 23855
17217 26980
39 5300
513 4378
7353 16349
6269 8109
13466 17972
18506 27607
16168 23403
4812 13829
16643 19022
9040 10755
3067 11221
15025 19986
863 7033
3091 6760
16610 25016
10548 15004
2221 3351
12229 12872
4738 6429
5715 14153
3230 4055
1846 8828
14390 19051
6733 7000
16669 25065
14051 19939
1472 6442
16069 22401
3968 5729
16637 23333
4495 4706
1434 3921
11284 16050
13078 16342
10853 13503
5252 10040
16832 20588
14544 20563
3618 5452
19851 23369
18131 21560
12959 15841
6743 7701
10786 14403
14814 20473
16639 19840
8031 13217
4520 9347
9794 10504
4991 12426
1627 9524
3834 10834
684 8869
1749 7169
4658 5597
4291 11404
16720 19025
19605 21684
16359 17118
18640 26939
4754 8641
13130 15978
13995 20170
2699 7761
14534 23446
3114 3529
9420 11218
9336 13259
17978 20792
4123 4650
18362 26650
3156 4029
7939 9994
7889 17409
18977 21133
4094 11085
18917 21386
3765 5033
17018 22859
16472 22416
4683 8477
18122 25045
9394 12288
18729 27344
4790 11774
11126 18719
10024 11340
14991 23950
3783 5385
7122 10484
17356 24835
8783 12403
7563 10749
9560 13681
1508 10502
19635 29180
7358 8836
2546 5983
8023 16046
13933 20574
16620 20023
3846 6323
8643 14566
15603 21115
7099 7841
15053 18770
15046 16092
12769 19655
6062 12974
18202 21553
14566 21718
16273 21014
16641 20707
4385 7256
11452 12916
9230 15045
15989 25611
18608 27602
12157 15547
9536 15952
17299 24786
5874 8341
1356 3051
17505 23947
18989 27457
6418 8762
846 3393
11543 11784
5618 10513
6304 12380
3486 11175
10759 13330
6868 16031
15983 16588
4613 13274
16946 19282
16192 25567
15302 15916
12618 17188
11847 18156
4494 8209
4240 5808
10289 16203
5557 6225
13159 16352
9655 14843
14073 22728
17072 23617
3380 9819
17194 20254
457 764
5726 9987
9137 10073
6644 9213
7721 14080
350 1075
10542 18402
17894 26785
19167 28158
3057 6194
4870 11541
532 6029
16677 17886
14069 17436
2269 9302
12970 13417
13147 18959
11604 15233
1046 7340
2764 8462
16108 16641
19950 27267
6390 11476
11506 14516
4768 12114
4141 7567
9859 15910
101 9042
7811 12788
5045 11731
9013 15275
10717 18780
9665 11610
5311 9090
8758 17636
6354 9282
17091 26846
13378 19211
16765 19539
17040 20694
909 6886
18054 20782
10376 20314
11958 17158
14690 17368
1058 7463
16586 21084
19823 21075
7599 16552
5059 13454
17031 24786
4672 13260
7189 16726
11310 17633
11905 21545
12294 15739
11580 13554
2116 5821
19360 29319
8399 17670
13614 14360
10242 18513
9131 17270
17900 21474
17358 23654
11495 18200
10231 14614
6677 13726
850 3691
8194 13893
12939 21571
14912 23405
7412 10875
4935 12446
19955 21231
4775 10965
14345 20694
16337 17559
18531 19738
3635 13629
13975 22217
12381 17140
16803 22290
3705 13110
2301 10964
5111 14757
16458 25263
5573 7448
11325 21127
4194 9362
14131 17178
1291 3526
5064 7818
11304 19514
16968 20072
19486 25744
1172 7627
10313 18890
4184 10225
2814 12221
17498 24754
13867 16350
8754 15462
5936 9627
12914 13412
7035 12505
8709 12424
16583 19275
14022 14808
13685 14882
5062 6892
10154 15183
17404 19852
2783 4860
9200 14328
12875 20775
2968 9222
3650 6575
16585 25823
13957 14978
12853 15234
2736 8211
16705 24594
5688 7449
15943 20122
5238 5504
9625 11136
4387 8556
8716 17795
9277 18927
19080 22073
7955 8945
2729 12545
10032 14210
19807 23353
10174 16403
2727 9715
19788 27079
6248 8611
7477 13855
11564 20575
6854 14144
19450 20392
11159 17212
13599 23183
10560 20067
1401 9149
1495 4922
1478 8327
18078 18560
6399 13809
14220 22121
15993 19169
13244 13374
9133 14433
9850 16211
16186 18635
7160 7826
12200 15253
11365 15636
13224 18476
793 2071
8461 15941
10471 15144
153 9910
5431 13206
1160 4092
638 856
11654 13228
17637 17688
14848 16997
1664 2040
14761 24237
1662 2494
8158 10258
18748 22799
17399 26871
4531 6463
9620 10884
6690 9383
6017 9796
15656 17045
19162 23309
18524 20231
10418 16453
13706 15814
442 7357
4315 12536
19510 28232
6847 14393
8240 16897
9053 18142
11344 18928
19853 27268
243 8671
15714 25553
8037 14687
1060 9457
1201 8299
9258 18577
19042 27939
4099 12528
4348 5583
6616 16502
11374 12213
16907 17670
1508 10123
15216 18650
5413 7797
19332 26220
1167 9482
2152 6530
325 4108
13445 13745
17977 25595
19657 24988
13634 17550
9912 12188
7213 13057
11130 15756
3373 6107
3207 4147
11635 17731
11798 20304
12204 14436
4678 6060
1798 6579
19716 24278
4972 8757
12005 12597
18826 26176
8067 15155
16100 18445
9831 11791
5346 12229
8299 11845
15740 24176
10640 10955
4307 5358
4293 4582
13930 16051
15288 15728
7185 15716
9270 10163
18214 25207
7383 12602
4076 12684
4541 13367
12289 20427
17583 27291
11343 13280
7451 8703
16940 19327
10373 19152
11532 15947
13335 14365
13234 14216
16948 24052
2682 11208
13725 15851
4314 4804
8566 11345
6865 9593
11515 21459
18 1472
15897 23298
18570 26557
9476 12501
19187 24374
9958 12449
4241 10738
9247 11034
4850 13840
8212 17414
12261 13380
15962 23636
1109 10271
8177 12293
12698 20987
4857 10665
16857 22532
1037 10989
7468 17365
1738 5146
19217 28732
1852 6338
2187 2687
4681 5415
8352 15610
16966 26339
15525 17441
1860 8946
15146 23642
4435 11357
4882 13886
8982 15319
3739 10122
3755 10453
10156 13303
11264 18381
648 9912
12678 20907
5237 11769
14461 23629
10929 11533
8991 11330
7649 9683
13836 18488
16806 18805
1381 8158
13888 20288
1353 2400
13172 19824
6710 8506
18180 25399
14950 21153
4873 13980
2284 9246
12685 17246
15474 23749
6503 11359
8269 8768
16705 20752
2107 3906
12984 14142
17203 24372
11366 17463
18143 21648
6819 12646
11573 12871
11908 16067
17126 23597
6717 10949
16490 19137
6469 9759
2320 6728
12305 17592
12895 13025
7340 15490
14794 15958
12939 16368
1894 10780
17174 24665
11607 16196
131 8412
12528 15665
14118 23138
13754 14271
19131 19379
10539 17798
17214 18024
14488 15118
2532 4536
5382 8355
6877 7886
4795 11373
5513 6074
7689 10615
11478 11894
9186 12216
9249 16946
5899 10934
424 4569
6392 10631
16709 17978
17606 21084
13418 22947
1560 5475
18593 25220
4046 6756
2461 3535
18401 27368
15328 16639
16977 20309
13087 16152
6825 10777
7922 10085
13674 18807
15365 21580
18168 27665
14691 19337
15942 18539
14672 16536
9518 10969
6608 13131
14128 18372
18569 20692
5128 7972
2694 3834
7486 12508
12832 21731
7689 13623
1059 9260
5936 6517
583 4555
5355 11942
11914 21307
8887 14628
15566 24622
13823 15512
7377 9085
3011 7951
997 7141
10487 16765
6428 12844
8013 12364
3418 3475
16253 18874
9932 18392
17072 21461
17090 17844
12409 13478
10065 17577
389 8967
14835 20421
14302 19397
2724 8310
19919 27533
9646 10411
17176 18452
3370 5761
1441 3036
12618 21619
16168 20950
12094 13093
19763 25715
13891 19884
271 9111
17677 26881
1409 11045
18089 25393
19384 25183
11900 17007
18525 23251
15785 17331
12592 15235
4048 4629
5681 8990
13683 19279
12144 12519
5961 8427
5667 13531
11146 13354
1595 5933
11482 13574
5380 7615
880 1143
3793 11709
16048 19682
17927 20486
1887 10991
2094 11167
17510 18181
1762 9904
2247 8779
4239 9554
12210 14009
7753 10017
16077 21189
13561 13807
9316 13519
4914 7041
18975 25566
11474 16681
14991 19653
18124 22048
5760 14905
4049 5076
17434 24288
11136 13049
2792 7654
8661 8957
6070 15957
7619 7776
13346 23248
14912 16062
18924 26623
17994 23045
14716 22573
7833 15884
7449 16209
16208 18477
1536 4116
12734 18742
11783 13005
7569 9225
19005 26770
3812 8281
13008 20533
10095 11549
19172 24256
8121 8969
15681 25392
4168 7814
866 8733
5079 14654
11380 15242
6443 13346
18954 21731
17737 24366
6796 14417
7642 12067
2472 8835
15865 19942
809 1066
7263 10861
15958 21266
7911 15995
10769 14085
7364 14821
7486 8090
19123 25832
2987 9030
15248 24626
1249 8482
13550 17878
4962 10556
2287 4715
18869 22126
16635 21497
17706 25985
12507 22321
13065 21626
8335 12570
13251 17730
2678 3326
10427 14944
2151 9671
3247 4690
14428 14616
13969 19915
112 1944
8856 14719
13598 16117
6005 13447
4964 13665
7945 8242
15037 20941
13754 16717
2978 7056
10015 14452
6131 13102
17640 20477
15400 20631
3022 7252
7272 7443
10104 11159
11024 15791
19693 27855
11475 14545
19157 26581
44 2820
3010 8417
480 975
17201 25842
11136 13659
18294 19451
10977 12700
9782 13710
16330 25727
15972 25374
16510 18175
12632 12907
7142 14376
3134 7754
5305 6565
16146 17402
15879 25878
8274 13952
2415 3618
985 3176
14405 15928
1597 11017
17022 18591
9118 9771
4551 4891
8139 9758
11069 11654
13750 23330
9656 13346
8410 11905
15464 18123
3679 8930
4305 10452
17401 19304
3416 9816
9654 9783
15084 24263
15852 24572
3319 5503
13644 15465
10634 11686
14550 17060
9834 17286
11906 14534
12516 20470
7637 14440
16501 19453
12434 22259
5620 8488
9081 12172
14554 19652
7526 13867
1415 9550
11276 15308
11621 19368
6804 10041
443 1914
18514 23960
1874 7617
6373 14746
3921 8865
14736 22721
6773 12282
15354 23316
1404 9794
15134 15180
8432 16311
18689 27484
15249 16642
12037 16846
12843 15784
3658 9539
16057 16877
3723 13188
2273 3131
3783 11528
10173 10337
18867 21257
9748 17855
18335 19361
6926 13833
10050 11448
19972 22219
4952 6759
14636 22377
6852 15064
427 4472
16378 21025
6764 7459
885 8278
4508 8403
18444 22715
6683 7995
16143 19700
4939 13251
2180 4045
7685 16323
17318 17884
13561 18409
7866 14674
6147 7906
3559 6816
2904 6030
13079 20033
7759 15025
8813 12173
11370 17282
5712 6337
15675 21852
14208 17310
16476 25083
246 9305
1189 4618
13121 19459
13038 17108
11733 14209
18837 23740
5098 14631
10508 18210
13548 18440
17884 27833
14133 20913
7921 12334
1845 9820
10820 17181
4928 7367
16771 25402
18239 25232
13555 14776
9277 9311
11437 16556
262 1629
18592 26820
2012 3125
4664 6557
18523 24436
10434 14769
8195 14380
6494 13123
13617 14625
18777 19264
12002 17777
11535 12858
14029 17848
6116 7448
9102 16279
7302 8341
1379 9273
3480 10295
1557 8052
2283 8546
398 9862
865 2535
12414 21665
11280 15627
1133 3549
9351 18782
19051 20905
3731 7132
2894 10544
7841 13425
19578 21624
9843 18314
13919 17933
18337 18388
8430 13813
18562 24948
5217 8845
16826 18504
5788 8787
17243 26993
3730 13088
11956 16464
14979 24761
2043 9280
3077 3777
12078 18471
19214 27606
10519 17162
275 2518
10729 15852
3522 8673
3917 13258
1474 6521
7366 8140
18161 27129
5501 8236
19374 20227
18503 23610
817 6716
14737 19079
7729 12853
11389 17315
13531 17684
16699 25749
17148 17425
16515 16979
3001 11414
5171 5779
19885 23178
10731 18890
18479 27231
13783 16868
15298 16630
13132 13808
4668 5834
2338 9429
9128 14389
18936 24097
14602 18509
707 4172
15284 25273
16042 21990
2643 8624
688 8141
15980 20872
16688 22748
17580 26441
4302 10197
16039 20452
548 4505
17427 17912
8861 10277
12974 13319
1840 7242
16289 22294
7875 17590
14686 23083
1408 2054
14734 18070
9214 9752
16840 19385
5430 14379
7203 16788
2600 6708
19590 21820
8705 12232
17121 21978
19694 22835
11069 11345
12087 15765
19322 22464
10434 10670
5523 6655
7790 15439
14776 17345
2323 3053
17165 24562
13588 18199
6800 12270
2431 4430
19400 27487
3710 13546
1951 5507
13386 16808
16511 18713
17647 22210
8063 14352
13537 14385
2316 2869
1883 8364
19080 22940
13228 18432
17803 27055
12505 20654
9239 17372
10843 11112
5091 11517
7717 16892
15514 20285
19104 24683
337 1380
8458 14283
14095 17944
10617 17800
9174 17548
12546 12852
5068 11599
7182 12996
1386 3463
18586 21826
8519 9894
1292 9699
13799 23253
13909 17580
10653 15906
16603 22329
13528 19446
10167 16649
19925 29116
14075 16753
1622 9588
13006 13417
3250 12224
2371 6492
404 4559
7118 15280
14648 23310
4352 9485
8674 10591
19138 21703
17985 27766
4537 8751
18788 25219
17592 24553
10940 16005
18839 25757
5539 9918
17496 27133
15593 18605
10026 18547
2311 11701
3333 5024
16366 21899
17031 26349
15012 17822
12479 14723
9646 19267
13955 19948
3009 6937
18876 25390
14397 19909
16056 18704
6799 11557
14321 21732
15166 17324
5518 14629
2279 10407
6795 14932
18174 21249
15195 15214
12120 15837
10543 20239
18773 25603
10307 13195
4869 9192
8407 13640
19268 24690
14721 23615
15929 24091
6323 11872
10017 18927
19435 23890
18965 21640
9338 14015
19296 23222
19863 23476
3472 4765
17429 21608
3042 10444
15898 22227
14256 23974
15492 18788
16919 17151
15566 18778
15714 18862
17968 23047
7273 16847
18998 21031
12732 14929
17321 20948
15068 15107
6115 11456
11913 14208
15317 24619
7237 12881
12445 18934
4297 4490
13854 16677
15330 18737
8213 12161
1364 6135
14498 19444
14810 17821
10727 11399
4628 7503
28 8912
8666 9122
12853 22776
3736 4218
14297 19692
19548 26564
10863 15411
12500 13213
13092 22603
7914 10622
17668 26247
13818 20827
2138 6595
6038 7594
1290 10331
13258 21696
711 795
2912 12646
16445 23808
6080 12306
354 9383
3144 8096
3596 11800
13209 15071
2952 12422
4475 6578
15788 19422
18907 24685
4874 14222
18986 23507
15470 17822
9987 11687
19697 20653
10269 14842
9365 17706
3227 6367
10613 17090
9212 12406
13587 14391
3230 4769
6051 13967
8730 14209
7708 11273
741 3411
16497 22603
2594 8793
12343 19985
7663 10545
3348 13196
3 9440
12723 13560
4834 7842
12338 15411
6552 10794
12958 18586
3342 6950
12899 17825
7891 8976
9324 14816
8182 8511
17659 27389
2656 11388
9850 16235
9738 11274
2343 2890
5 377
10423 10905
17029 23906
14946 16940
8402 8834
14313 22293
7471 8253
3183 7412
6886 12258
12174 21426
18118 23868
14921 21606
17934 27502
16216 25067
16555 16819
2562 4001
11665 20535
348 9263
14833 20379
1290 7396
3051 12358
7483 14468
1297 7177
14742 22050
12229 17592
4422 7133
5434 5984
1841 4653
12865 17442
2111 5552
18615 25873
1041 1326
2937 3526
16482 21244
12814 15385
12773 22179
17090 25229
10487 18324
9169 17933
18690 19669
17934 23952
19278 25045
15492 16400
7116 13410
19694 27356
6448 16420
10192 17581
6176 9029
10521 17350
8030 11073
8653 18147
16791 17228
19276 22544
4880 14765
15372 25360
18823 24671
18360 18743
5490 15356
12787 19790
17989 23322
729 8505
2449 3626
8162 10410
1343 1371
10706 13443
13718 22161
18884 23937
13602 14410
19714 27075
15584 17293
10639 18708
14013 15179
1989 5408
355 3068
5737 9345
6106 10993
4029 4157
5861 14419
16088 25501
2706 7361
5709 15296
12292 17903
15103 18394
14252 18182
5843 9177
7273 16100
13762 23137
271 860
8106 15280
17476 22244
12555 16957
3731 11136
10850 11390
7883 8783
857 6833
18134 26559
17720 19636
3028 11272
3298 12664
2058 3141
13877 15833
956 10378
243 8385
19246 25908
6013 12433
12565 18601
3347 5874
12366 15271
4619 11894
16431 21147
12603 20770
4854 9385
5357 10612
9287 12875
316 3770
15711 21552
12967 21663
9813 13710
594 9761
3452 6548
19188 28390
5589 6775
12857 18144
